-0.245297
-0.463496
-0.474132
-0.454392
-0.536399
-0.5883
-0.552068
-0.56763
-0.546177
-0.518471
-0.54655
-0.580695
-0.540094
-0.546935
-0.523928
-0.604283
-0.59822
-0.549127
-0.539173
-0.571394
-0.56292
-0.489767
-0.550454
-0.60008
-0.530823
-0.538802
-0.547644
-0.587286
-0.52664
-0.533861
-0.617158
-0.546278
-0.609247
-0.542789
-0.543446
-0.584599
-0.591392
-0.571079
-0.492432
-0.534063
-0.521301
-0.548623
-0.526299
-0.500899
-0.558999
-0.566598
-0.537301
-0.530684
-0.52381
-0.550704
-0.539213
-0.540175
-0.550071
-0.586046
-0.52752
-0.516403
-0.538456
-0.563397
-0.527777
-0.568366
-0.583979
-0.576637
-0.534281
-0.549474
-0.551249
-0.542313
-0.604598
-0.525007
-0.514575
-0.59101
-0.541423
-0.5686
-0.572823
-0.550287
-0.572541
-0.622951
-0.563057
-0.475805
-0.506117
-0.56202
-0.54446
-0.50617
-0.494909
-0.50005
-0.515535
-0.534748
-0.519554
-0.538187
-0.509742
-0.565892
-0.583937
-0.532326
-0.534003
-0.580463
-0.584151
-0.562642
-0.561566
-0.573868
-0.539385
-0.540708
-0.538324
-0.562367
-0.516872
-0.528362
-0.506632
-0.433987
-0.43327
-0.497156
-0.546077
-0.575575
-0.561635
-0.549534
-0.478286
-0.478187
-0.513666
-0.489971
-0.535305
-0.529022
-0.49792
-0.59981
-0.530102
-0.553176
-0.548916
-0.575091
-0.562098
-0.563741
-0.629652
-0.650071
-0.6437
-0.566358
-0.555481
-0.578123
-0.593515
-0.553279
-0.532815
-0.563787
-0.58495
-0.597526
-0.598143
-0.605962
-0.496296
-0.594421
-0.562779
-0.594334
-0.541946
-0.539577
-0.54457
-0.537254
-0.603759
-0.527593
-0.634476
-0.57117
-0.555174
-0.58332
-0.567849
-0.553293
-0.610914
-0.578983
-0.576334
-0.596362
-0.651517
-0.525652
-0.540322
-0.505709
-0.517696
-0.541723
-0.557315
-0.58335
-0.538034
-0.48549
-0.515983
-0.521627
-0.53033
-0.491395
-0.520451
-0.548821
-0.568341
-0.589932
-0.559617
-0.596386
-0.519844
-0.488132
-0.507352
-0.553412
-0.57707
-0.618336
-0.624775
-0.702733
-0.547908
-0.616332
-0.555543
-0.526621
-0.584381
-0.614857
-0.551819
-0.531866
-0.613783
-0.569995
-0.575621
-0.623705
-0.584267
-0.594327
-0.536195
-0.540028
-0.523543
-0.588368
-0.571909
-0.575112
-0.542071
-0.549501
-0.582728
-0.553787
-0.499927
-0.502548
-0.579853
-0.568197
-0.564782
-0.580803
-0.60171
-0.597159
-0.541636
-0.564272
-0.591754
-0.526423
-0.50073
-0.538235
-0.577808
-0.556402
-0.50319
-0.583144
-0.544141
-0.536545
-0.576928
-0.501623
-0.562293
-0.607509
-0.511526
-0.50799
-0.526838
-0.539386
-0.546282
-0.532914
-0.54446
-0.49388
-0.52014
-0.556129
-0.52559
-0.540472
-0.569484
-0.621581
-0.558719
-0.547654
-0.501413
-0.542788
-0.505005
-0.551167
-0.572271
-0.518294
-0.538033
-0.573709
-0.555974
-0.554317
-0.54149
-0.608854
-0.581396
-0.600171
-0.579199
-0.589621
-0.577542
-0.565523
-0.511628
-0.559183
-0.577264
-0.563074
-0.513365
-0.516623
-0.587741
-0.575583
-0.514455
-0.569538
-0.548066
-0.550163
-0.548469
-0.574211
-0.612052
-0.552439
-0.535626
-0.525749
-0.538589
-0.559322
-0.586582
-0.51526
-0.521206
-0.46799
-0.56923
-0.55957
-0.574108
-0.594938
-0.551983
-0.550116
-0.552915
-0.54097
-0.542988
-0.57732
-0.659866
-0.548408
-0.58048
-0.526812
-0.543295
-0.607693
-0.536103
-0.587649
-0.560047
-0.540305
-0.525239
-0.625132
-0.594815
-0.527444
-0.497547
-0.583299
-0.59388
-0.659285
-0.554042
-0.565044
-0.518843
-0.588815
-0.559688
-0.521967
-0.626243
-0.592876
-0.531384
-0.55647
-0.514424
-0.535879
-0.560286
-0.553754
-0.568582
-0.521926
-0.557763
-0.54733
-0.561159
-0.582571
-0.569455
-0.568057
-0.545423
-0.554284
-0.549755
-0.565137
-0.587935
-0.517922
-0.485368
-0.52423
-0.563585
-0.507894
-0.540291
-0.588291
-0.556448
-0.59813
-0.586381
-0.591316
-0.656976
-0.549801
-0.510524
-0.527635
-0.594097
-0.606736
-0.577962
-0.558644
-0.513884
-0.530858
-0.558808
-0.566317
-0.547398
-0.471057
-0.53194
-0.600699
-0.612762
-0.545174
-0.574699
-0.60499
-0.592004
-0.534987
-0.451111
-0.532423
-0.558093
-0.563511
-0.58583
-0.558928
-0.574647
-0.559864
-0.547405
-0.537997
-0.517479
-0.540228
-0.567408
-0.564203
-0.494156
-0.503694
-0.556127
-0.663141
-0.618513
-0.586045
-0.577171
-0.604059
-0.517249
-0.506672
-0.565715
-0.572565
-0.593281
-0.571783
-0.60256
-0.610061
-0.621941
-0.596484
-0.618273
-0.610348
-0.525148
-0.509052
-0.569166
-0.545562
-0.555684
-0.520033
-0.555202
-0.56338
-0.578352
-0.544479
-0.594925
-0.533438
-0.549465
-0.590473
-0.644198
-0.589831
-0.572983
-0.53798
-0.554828
-0.54519
-0.626893
-0.59508
-0.551309
-0.551841
-0.569283
-0.566698
-0.605127
-0.560308
-0.549255
-0.618463
-0.549265
-0.602245
-0.578101
-0.607788
-0.641236
-0.554061
-0.575124
-0.618735
-0.588014
-0.64433
-0.620844
-0.6324
-0.615436
-0.599928
-0.506522
-0.566106
-0.59252
-0.567993
-0.536717
-0.589897
-0.602341
-0.542489
-0.525443
-0.597538
-0.582399
-0.63171
-0.629423
-0.583545
-0.554435
-0.607059
-0.54971
-0.508085
-0.51732
-0.573992
-0.592427
-0.497689
-0.549908
-0.604424
-0.525503
-0.611382
-0.590283
-0.533271
-0.629707
-0.612168
-0.542066
-0.605179
-0.669418
-0.62983
-0.628234
-0.555533
-0.591532
-0.597818
-0.583879
-0.62081
-0.642522
-0.552193
-0.600489
-0.606792
-0.608727
-0.618745
-0.627681
-0.601848
-0.640651
-0.600415
-0.688934
-0.619956
-0.674205
-0.577757
-0.648226
-0.598877
-0.645845
-0.682704
-0.627808
-0.658259
-0.640408
-0.691619
-0.60171
-0.541314
-0.581801
-0.636896
-0.681144
-0.691665
-0.597772
-0.628623
-0.635588
-0.702363
-0.62573
-0.651389
-0.64166
-0.61987
-0.615881
-0.57854
-0.555222
-0.617295
-0.555679
-0.600284
-0.629375
-0.628424
-0.652732
-0.596764
-0.556438
-0.598254
-0.573902
-0.53225
-0.594751
-0.635697
-0.574114
-0.666402
-0.614062
-0.644138
-0.644732
-0.640344
-0.575678
-0.586247
-0.623268
-0.719786
-0.643558
-0.616556
-0.605879
-0.566547
-0.59179
-0.621453
-0.571466
-0.679618
-0.688091
-0.696223
-0.683715
-0.569903
-0.639174
-0.618847
-0.672959
-0.602752
-0.617748
-0.666552
-0.702799
-0.717823
-0.649565
-0.622436
-0.587246
-0.672902
-0.632146
-0.695729
-0.63222
-0.683156
-0.61034
-0.599847
-0.624779
-0.676877
-0.678303
-0.667647
-0.603265
-0.588922
-0.716437
-0.740638
-0.678835
-0.693184
-0.67629
-0.673632
-0.556412
-0.734183
-0.638965
-0.558797
-0.698708
-0.665086
-0.644701
-0.61819
-0.670356
-0.766392
-0.66684
-0.674219
-0.677661
-0.689806
-0.558807
-0.605586
-0.680554
-0.632763
-0.544385
-0.715807
-0.616608
-0.69301
-0.675566
-0.614958
-0.689764
-0.623145
-0.623246
-0.743214
-0.633135
-0.633299
-0.635618
-0.733288
-0.790707
-0.687541
-0.686677
-0.637105
-0.710393
-0.693486
-0.645093
-0.734487
-0.655869
-0.668093
-0.600492
-0.604562
-0.706792
-0.707235
-0.818766
-0.718094
-0.687952
-0.601397
-0.70893
-0.703034
-0.69104
-0.773774
-0.690775
-0.654478
-0.735548
-0.709776
-0.754833
-0.662319
-0.656907
-0.67323
-0.637982
-0.686389
-0.698379
-0.733658
-0.786111
-0.661337
-0.636673
-0.677074
-0.751143
-0.703176
-0.682061
-0.654451
-0.686693
-0.735613
-0.709807
-0.674859
-0.686439
-0.722564
-0.684495
-0.586516
-0.74796
-0.669802
-0.714378
-0.794518
-0.753004
-0.714075
-0.64955
-0.667504
-0.584537
-0.652255
-0.708854
-0.652323
-0.800032
-0.652298
-0.541285
-0.632408
-0.608491
-0.509357
-0.676726
-0.843022
-0.709513
-0.672108
-0.735581
-0.713037
-0.725735
-0.701632
-0.72907
-0.651837
-0.722802
-0.729424
-0.570967
-0.817332
-0.82243
-0.777326
-0.738444
-0.679848
-0.583797
-0.715692
-0.74018
-0.794709
-0.72663
-0.71756
-0.624263
-0.472878
-0.650653
-0.79396
-0.844371
-0.678117
-0.61923
-0.873682
-0.850667
-0.738304
-0.731579
-0.783993
-0.830834
-0.679827
-0.827088
-0.704522
-0.67348
-0.720548
-0.674197
-0.633259
-0.732297
-0.66423
-0.666175
-0.628694
-0.711199
-0.719693
-0.735803
-0.853193
-0.669713
-0.56655
-0.374623
-0.433658
-0.549774
-0.664024
-0.235635
-0.225986
-0.504415
-0.532411
-0.408683
-0.50579
-0.619425
-0.350398
-0.95185
-0.842611
-0.701449
-0.669654
-0.462579
-0.532226
-0.412027
-0.971356
-0.955562
-0.668115
-0.728349
-0.4989
-0.507897
-0.606485
-0.804051
-0.59796
-1.06698
-0.840124
-0.352286
-0.866728
-0.360322
-0.236009
-0.354406
-0.209846
-0.230543
-0.161094
-0.291198
-0.499368
-0.152891
-0.940175
-0.649193
-0.120621
-0.737217
-0.847554
-0.855088
-0.215791
-0.0802212
-0.107852
-0.121149
-0.150592
-0.104562
-0.0446201
-0.136971
-0.446334
-0.438479
-0.133295
-0.126977
-0.103917
-0.0798204
-0.0614846
-0.100194
-0.047058
-0.0139473
-0.0611548
-0.113399
-0.0660551
-0.0708838
-1.05924
-0.0120872
0.0042001
-0.0174186
-0.0761144
-0.0203225
-0.0391041
0.00615911
-0.0209943
-0.0177124
-0.0163176
-0.0185354
-0.0188941
-0.0216963
0.0044157
-0.00134513
0.00751865
-0.0140214
0.00812779
0.00135787
0.00577991
-0.00493285
-0.000860424
-0.0361403
0.0223211
0.000377443
-0.00252264
0.0014075
0.00762715
-0.0128951
-0.00973526
-0.00030725
0.00491459
-0.0111706
-0.00410106
0.00552115
0.00968269
0.00407194
0.00260307
0.00880851
0.00613908
0.00735938
-0.00632623
-0.0149519
-0.00683724
0.00527574
0.00695103
0.00676001
0.00618065
0.00983566
0.00626391
0.00518936
0.00772026
-0.00264866
0.00857856
0.00399309
0.00994889
0.00935121
0.00125084
0.00688916
0.00485916
0.00656204
0.0093793
0.0119272
0.0128384
0.0110905
0.0148291
0.00987492
0.00775261
0.0084924
0.00670347
0.0073548
0.00753837
0.00994335
0.00946676
0.00513884
0.00793977
0.0111737
0.0073576
0.00730106
0.00831023
0.00932395
0.0101583
0.010129
0.0106354
0.00933325
0.0119114
0.0103416
0.0057155
0.00452097
0.00772845
0.012518
0.0131733
0.0116584
0.0109792
0.00955713
0.00898653
0.0100075
0.0106937
0.0119574
0.0121987
0.0132528
0.0164955
0.0146647
0.0126656
0.00821026
0.00793564
0.00911394
0.0108364
-0.000399397
-0.000269894
0.00928085
0.017885
0.017551
0.0151538
0.00652489
0.00823419
0.00793983
0.00709874
0.00750379
0.011589
0.00989959
0.00828256
0.00735546
0.00778464
0.0121584
0.011844
0.00988316
-0.00574905
0.0078016
0.00987916
0.0102766
0.00863261
0.00178402
0.00126728
0.00428537
0.0131289
0.00961631
0.00585167
0.00968585
-0.00365699
0.00721683
0.00829447
0.00863778
0.0113575
0.0135825
0.0117175
0.00909032
0.0139025
0.000315869
-0.0011822
0.00108238
0.00173041
-0.00194631
0.00257133
0.0109802
0.00917323
0.00242846
-0.00255004
0.00762769
0.00731829
0.0117732
0.0115303
-0.000451125
-0.00104695
0.0106843
0.00122517
-0.00523846
0.0070763
0.00653859
0.0109505
-0.000174561
0.00623987
0.00595221
0.0103497
0.0077944
0.00337698
0.00865954
0.0110947
0.00771107
0.00418669
0.00592597
0.0121018
0.0122536
0.0106901
0.0114184
0.00824506
0.00702395
0.0104253
0.0103378
0.0133919
0.00957416
0.00224219
0.000169731
0.0110228
0.00765199
0.00713249
